GATE_SH_UW: 3901.064,11.26902,2415.185,-325.5038,0,0
GATE_SH_SL: 2347.252,269.9068,1666.012,60.37519,1,0
GATE_HI_SH: -2648.009,600.3982,-1685.811,804.7965,1,0
SH_C11: -2494.859,457.0358,-1568.438,625.5241,1,0
SH_S03: -2578.97,492.3197,-1640.306,698.9368,1,0
SH_S05: 2261.674,159.8158,1618.151,-54.6734,1,0
SH_D01: -2118.592,356.4169,-1455.623,644.7786,1,1
SH_A25: -1779.594,310.4169,-1071.623,521.7786,1,1
SH_A13: -1649.594,411.4169,-948.6214,729.7786,1,1
SH_A14: -1478.594,414.4169,-756.6214,743.7786,1,1
SH_C02: -1148.594,413.4169,-603.6214,770.7786,1,1
SH_B08: -797.7349,349.9971,-233.6214,685.7786,1,1
SH_A11: -1627.594,304.4169,-953.6214,497.7784,1,1
SH_A15: -1515.594,201.4166,-802.6214,400.7787,1,1
SH_A12: -1480.594,317.4169,-801.6214,539.7786,1,1
SH_B09: -965.5945,218.417,-483.6214,448.7787,2,1
SH_A05: -1119.594,253.4168,-349.6214,411.7787,0,1
SH_S04: -993.0056,253.0738,-223.9617,410.1172,0,0
SH_B01: -790.5945,252.4168,-353.6214,561.7786,0,1
SH_C10: -392.5483,252.3445,-122.2224,557.8682,0,1
SH_A21: -81.59451,253.4168,206.3786,561.7786,0,1
SH_C03: -645.5945,79.41684,-379.6211,278.7784,2,1
SH_S10: -330.3475,78.88889,-38.44448,279.0694,2,0
SH_B15: -1038.548,11.34474,-492.2224,187.868,2,1
SH_B16: -1279.133,-37.63093,-716.862,197.2668,2,1
SH_C07: -1561.594,-54.58293,-839.6214,82.77823,2,1
SH_S01: -1672.594,-85.58298,-963.6214,163.7785,2,0
SH_B17: -1283.073,-158.8699,-707.414,77.60992,2,1
SH_C09: -767.5475,-155.6554,-487.2224,71.86768,2,1
SH_C01: -399.5946,49.41689,-106.6214,419.7787,1,1
SH_B06: -659.5945,-309.5831,-669.6214,-214.2213,1,1
SH_A17: -529.5945,-248.5833,-524.621,-91.22153,2,1
SH_A16: -387.5949,-153.5834,-266.6214,-52.22182,2,1
SH_A24: -353.5949,-264.5831,-419.6214,-236.2213,1,1
SH_S06: -347.1379,-347.0412,-414.4837,-375.7524,1,0
SH_B07: 785.4052,-254.5831,488.3784,-501.2217,1,1
SH_S07: 532.8625,-314.0412,200.5163,-440.7524,1,0
SH_B13: 615.4521,-418.6556,197.7776,-567.1318,1,1
SH_B11: -455.5945,-376.5831,-540.6211,-327.2216,1,1
SH_D02: -179.5949,-528.5835,-540.6215,-655.2214,1,1
SH_B10: 349.4054,-528.5835,-104.6215,-652.2214,1,1
SH_A06: -90.59451,48.41707,-161.6212,131.7785,1,1
SH_B02: 145.4051,47.41709,-29.62125,134.7785,1,1
SH_B03: 370.4055,190.4166,194.3788,142.7785,1,1
SH_C04: 524.4055,305.4169,317.3786,162.7785,1,1
SH_S02: 650.4055,209.4168,443.3786,219.7787,1,0
SH_A10: 521.4055,559.4165,320.3785,476.7784,1,1
SH_C05: 844.4055,297.4169,450.3786,76.77823,1,1
SH_E05: 1441.245,255.3284,810.4988,47.29815,1,1
SH_C13: 2047.444,254.3309,1340.596,48.58447,1,0
SH_A07: 482.4058,-69.58292,316.3786,-146.2215,1,1
SH_B04: 717.4055,-14.58287,495.3787,-112.2214,1,1
SH_A04: 1000.406,-12.58287,755.3786,-123.2214,1,1
SH_A26: 1188.626,-16.68713,883.7261,-120.4537,1,1
SH_A19: 459.4054,-180.5834,295.3786,-279.2216,1,1
SH_B05: 247.4052,-86.58287,30.37882,-140.2215,1,1
SH_C08: -83.59464,-196.5834,-304.6214,-184.2215,1,1
SH_A22: 276.4054,-257.5831,123.3787,-287.2213,2,1
SH_C12: 470.1323,-200.0169,231.586,-252.5222,2,1
SH_A23: 785.4055,-108.5831,591.3786,-265.2213,1,1
SH_A09: 827.4055,-7.582944,751.3786,-292.2213,2,1
SH_A08: 973.4056,-8.582914,912.3786,-255.2213,2,1
SH_E02: 39.40524,-486.5831,-410.6214,-853.2214,0,1
SH_S08: -272.9255,-591.9188,-412.4479,-970.048,0,0
SH_B12: 494.4058,-366.5831,149.3788,-810.2214,0,0
SH_S09: 643.5258,-443.7872,276.6117,-817.3108,0,0
SH_E03: 949.4055,-234.5832,301.3786,-685.2214,0,2
SH_E01: 1716.406,-235.5832,865.3786,-683.2214,0,2
SH_H01: 3206.245,-173.6717,1716.5,-514.7012,0,2
SH_E04: 2496.245,-236.6714,1451.5,-676.7015,0,2
SH_D03: 3673.408,-58.58304,2172.379,-413.2216,0,2
OffScreenDen_SH: 13.40523,-715.5835,597.3786,-501.2214,1,1
Connection: GATE_SH_UW,SH_D03,2,11,99,56,2,0
Connection: GATE_SH_SL,SH_C13,2,11,146,16,2,0
Connection: GATE_SH_SL,SH_S05,11,5,35,17,3,0
Connection: GATE_HI_SH,SH_C11,45,9,3,99,0,2
Connection: GATE_HI_SH,SH_S03,36,5,13,23,3,1
Connection: SH_C11,SH_D01,38,12,19,3,3,3
Connection: SH_D01,SH_A25,195,23,5,32,3,1
Connection: SH_A25,SH_A11,46,14,4,16,0,2
Connection: SH_A13,SH_A14,46,16,1,15,0,2
Connection: SH_A13,SH_A11,8,3,4,30,3,2
Connection: SH_A14,SH_C02,46,18,6,19,0,2
Connection: SH_A14,SH_A12,17,8,18,24,3,3
Connection: SH_C02,SH_B08,150,16,11,59,3,2
Connection: SH_C02,SH_B09,142,18,22,71,3,1
Connection: SH_B08,SH_B01,9,12,48,19,2,3
Connection: SH_A11,SH_A12,37,23,5,19,3,3
Connection: SH_A11,SH_A15,45,2,7,31,3,1
Connection: SH_A15,SH_A12,43,16,42,5,1,3
Connection: SH_A15,SH_C07,7,2,25,117,3,1
Connection: SH_B09,SH_C03,43,5,2,30,0,2
Connection: SH_A05,SH_S04,49,26,15,26,0,2
Connection: SH_A05,SH_B01,11,4,14,4,3,3
Connection: SH_B01,SH_C10,102,26,3,27,0,2
Connection: SH_C10,SH_A21,148,27,3,27,0,2
Connection: SH_A21,SH_C01,3,20,152,21,2,0
Connection: SH_C03,SH_S10,146,19,17,19,0,2
Connection: SH_C03,SH_B15,5,13,42,58,2,0
Connection: SH_C03,SH_C01,81,6,19,7,3,3
Connection: SH_B15,SH_B16,3,11,99,6,2,0
Connection: SH_B16,SH_C07,2,6,49,55,2,0
Connection: SH_C07,SH_S01,11,52,29,19,3,0
Connection: SH_C07,SH_B17,49,20,3,11,0,2
Connection: SH_B17,SH_C09,100,15,3,14,0,2
Connection: SH_C09,SH_A16,144,28,2,27,0,2
Connection: SH_C01,SH_A06,127,5,9,5,0,2
Connection: SH_B06,SH_A17,32,68,2,26,0,2
Connection: SH_B06,SH_B11,44,37,3,57,0,2
Connection: SH_A17,SH_A16,45,26,2,6,0,2
Connection: SH_A24,SH_C08,43,20,6,3,1,3
Connection: SH_A24,SH_B11,6,20,40,71,3,1
Connection: SH_A24,SH_S06,43,4,32,19,3,0
Connection: SH_B07,SH_A23,40,66,40,5,1,3
Connection: SH_B07,SH_B13,6,6,91,32,3,1
Connection: SH_S07,SH_B13,9,9,9,30,3,1
Connection: SH_B13,SH_B10,9,3,97,32,3,1
Connection: SH_B11,SH_D02,24,9,10,31,3,1
Connection: SH_D02,SH_B10,200,11,2,11,0,2
Connection: SH_D02,SH_E02,118,9,68,9,3,3
Connection: SH_A06,SH_B02,38,7,4,7,3,2
Connection: SH_B02,SH_B03,100,32,4,12,1,2
Connection: SH_B03,SH_C04,45,75,6,62,1,3
Connection: SH_C04,SH_A10,13,119,16,3,1,3
Connection: SH_C04,SH_C05,41,62,5,26,3,2
Connection: SH_C04,SH_S02,46,38,16,18,0,2
Connection: SH_C04,SH_A07,25,10,38,29,3,1
Connection: SH_C05,SH_E05,142,15,2,29,0,2
Connection: SH_E05,SH_C13,243,19,2,19,0,2
Connection: SH_E05,SH_A04,10,7,48,31,3,0
Connection: SH_E05,SH_A26,29,4,9,22,3,1
Connection: SH_A07,SH_B04,46,15,16,2,0,3
Connection: SH_A07,SH_B05,2,15,100,21,2,0
Connection: SH_A07,SH_A19,15,1,23,31,3,1
Connection: SH_B04,SH_A04,101,31,5,31,0,2
Connection: SH_B04,SH_A23,64,2,10,26,3,1
Connection: SH_A04,SH_A26,49,10,4,10,0,2
Connection: SH_B05,SH_C08,9,3,144,32,3,1
Connection: SH_B05,SH_A22,45,3,8,32,3,1
Connection: SH_A22,SH_C12,23,32,10,19,1,3
Connection: SH_C12,SH_A23,144,31,10,5,1,3
Connection: SH_A23,SH_A09,40,32,26,3,1,3
Connection: SH_A09,SH_A08,44,8,4,7,0,2
Connection: SH_E02,SH_B12,251,28,6,9,0,3
Connection: SH_E02,SH_S08,10,8,11,27,3,1
Connection: SH_B12,SH_E03,44,67,3,3,0,3
Connection: SH_B12,SH_S09,45,5,11,9,0,3
Connection: SH_E03,SH_E01,247,5,20,3,3,3
Connection: SH_E01,SH_E04,245,4,16,4,3,3
Connection: SH_H01,SH_D03,195,47,6,6,3,3
Connection: SH_H01,SH_E04,11,6,250,4,3,3
