SL_H03
418*35|4|1
4.5000*7.7942|0|0
139,-48|1149,-46|2159,-41|3169,-47|4179,-47|5189,-47|6199,-46|7209,-41
Border: Passable
1,365,27|1,349,27|1,343,27|1,329,28|1,340,28|1,361,28|1,326,27|



0|0

0|0|0|0|0|0|0|0|0|0|0|0|0|0|0|0|0|0|0|0|0|0|0|0|0|0|0|0|0|0|0|0|0,6|1|1|0|0|0|0|0|0|0|0|0|0|0|0|0|0|0|0|0|0|0|0|0|0|0|0|0|0|0|0|0|0|0|0|0,6|1|1|0|0|0|0|0|0|0|0|0|0|0|0|0|0|0|0|0|0|0|0|0|0|0|0|0|0|0|0|0|0|0|0|0,6|1|1|0|0|0|0|0|0|0|0|0|0|0|0|0|0|0|0|0|0|0|0|0|0|0|0|0|0|0|0|0|0|0|0|0,6|1|1|0|0|0|0|0|0|0|0|0|0|0|0|0|0|0|0|0|0|0|0|0|0|0|0|0|0|0|0|0|0|0|0|1|1|1|0|0|0|0|0|0|0|0|0|0|0|0|0|0|0|0|0|0|0|0|0|0|0|0|0|0|0|0|0|0|0|0|1|1|1|0|0|0|0|0|0|0|0|0|0|0|0|0|0|0|0|0|0|0|0|0|0|0|0|0|0|0|0|0|0|0|0|1|1|1|0|0|0|0|0|0|0|0|0|0|0|0|0|0|0|0|0|0|0|0|0|0|0|0|0|0|0|0|0|0|0|0|1|1|1|0|0|0|0|0|0|0|0|0|0|0|0|0|0|0|0|0|0|0|0|0|0|0|0|0|0|0|0|0|0|0|0|1|1|1|0|0|0|0|0|0|0|0|0|0|0|0|0|0|0|0|0|0|0|0|0|0|0|0|0|0|0|0|0|0|0|0|1|1|1|0|0|0|0|0|0|0|0|0|0|0|0|0|0|0|0|0|0|0|0|0|0|0|0|0|0|0|0|0|0|0|0,6|1|1|1|0|0|0|0|0|0|0|0|0|0|0|0|0|0|0|0|0|0|0|0|0|0|0|0|0|0|0|0|0|0|0|0,6|1|1|1|0|0|0|0|0|0|0|0|0|0|0|0|0|0|0|0|0|0|0|0|0|0|0|0|0|0|0|0|0|0|0|0,6|1|1|1|0|0|0|0|0|0|0|0|0|0|0|0|0|0|0|0|0|0|0|0|0|0|0|0|0|0|0|0|0|0|0|0,6|3,6|4,6,3|1,3,5|0|0|0|0|0|0|0|0|0|0|0|0|0|0|0|0|0|0|0|0|0|0|0|0|0|0|0|0|0|0|0|0,6|1|1|1|0|0|0|0|0|0|0|0|0|0|0|0|0|0|0|0|0|0|0|0|0|0|0|0|0|0|0|0|0|0|0|0,6|1|1|1|0|0|0|0|0|0|0|0|0|0|0|0|0|0|0|0|0|0|0|0|0|0|0|0|0|0|0|0|0|0|0|0,6|1|1|1|0|0|0|0|0|0|0|0|0|0|0|0|0|0|0|0|0|0|0|0|0|0|0|0|0|0|0|0|0|0|0|0,6|1|1|1|0|0|0|0|0|0|0|0|0|0|0|0|0|0|0|0|0|0|0|0|0|0|0|0|0|0|0|0|0|0|0|0,6|1|1|1|0|0|0|0|0|0|0|0|0|0|0|0|0|0|0|0|0|0|0|0|0|0|0|0|0|0|0|0|0|0|0,6|0,6|1|1|1|0|0|0|0|0|0|0|0|0|0|0|0|0|0|0|0|0|0|0|0|0|0|0|0|0|0|0|0|0|0|0,6|0,6|1|1|1|0|0|0|0|0|0|0|0|0|0|0|0|0|0|0|0|0|0|0|0|0|0|0|0|0|0|0|0|0|0|0,6|1|1|1|1|0|0|0|0|0|0|0|0|0|0|0|0|0|0|0|0|0|0|0|0|0|0|0|0|0|0|0|0|0|0|0,6|1|1|1|1|0|0|0|0|0|0|0|0|0|0|0|0|0|0|0|0|0|0|0|0|0|0|0|0|0|0|0|0|0|0|0,6|1|1|1|1|0|0|0|0|0|0|0|0|0|0|0|0|0|0|0|0|0|0|0|0|0|0|0|0|0|0|0|0|0|0|0,6|3,6|4,6,3|1,3,5|1|0|0|0|0|0|0|0|0|0|0|0|0|0|0|0|0|0|0|0|0|0|0|0|0|0|0|0|0|0|0|0,6|1|1|1|1|0|0|0|0|0|0|0|0|0|0|0|0|0|0|0|0|0|0|0|0|0|0|0|0|0|0|0|0|0|0|0,6|1|1|1|1|0|0|0|0|0|0|0|0|0|0|0|0|0|0|0|0|0|0|0|0|0|0|0|0|0|0|0|0|0|0|0,6|1|1|1|1|0|0|0|0|0|0|0|0|0|0|0|0|0|0|0|0|0|0|0|0|0|0|0|0|0|0|0|0|0|0|0,6|1|1|1|1|0|0|0|0|0|0|0|0|0|0|0|0|0|0|0|0|0|0|0|0|0|0|0|0|0|0|0|0|0|0|0,6|1|1|1|1|0|0|0|0|0|0|0|0|0|0|0|0|0|0|0|0|0|0|0|0|0|0|0|0|0|0|0|0|0|0|0,6|1|1|1|1|0|0|0|0|0|0|0|0|0|0|0|0|0|0|0|0|0|0|0|0|0|0|0|0|0|0|0|0|0,6|0,6|0,6|1|1|1|1|0|0|0|0|0|0|0|0|0|0|0|0|0|0|0|0|0|0|0|0|0|0|0|0|0|0|0|0|1|1|1|1|1|1|1|0|0|0|0|0|0|0|0|0|0|0|0|0|0|0|0|0|0|0|0|0|0|0|0|0|0|0|0|3,6|4,6,3|1,3|1,3|1,3|1,3|1,3,4|0|0|0|0|0|0|0|0|0|0|0|0|0|0|0|0|0|0|0|0|0|0|0|0|0|0|0|0|1|1|1|1|1|1|1|0|0|0|0|0|0|0|0|0|0|0|0|0|0|0|0|0|0|0|0|0|0|0|0|0|0|0|0|1|1|1|1|1|1|1|0|0|0|0|0|0|0|0|0|0|0|0|0|0|0|0|0|0|0|0|0|0|0|0|0|0|0|0|0,6|0,6|0,6|0,6|1|1|1|0|0|0|0|0|0|0|0|0|0|0|0|0|0|0|0|0|0|0|0|0|0|0|0|0|0|0|0|0|0,6|0,6|0,6|1|1|1|0|0|0|0|0|0|0|0|0|0|0|0|0|0|0|0|0|0|0|0|0|0|0|0|0|0|0|0|0|0,6|0,6|0,6|1|1|1|0|0|0|0|0|0|0|0|0|0|0|0|0|0|0|0|0|0|0|0|0|0|0|0|0,1|1|2,1|0,1|0,1|0,6,1|0,6,1|0,6,1|1|1|1|0|0|0|0|0|0|0|0|0|0|0|0|0|0|0|0|0|0|0|0|0|0|0|0|0|1|1|1|0|0,6|0,6|0,6|1|1|1|0|0|0|0|0|0|0|0|0|0|0|0|0|0|0|0|0|0|0|0|0|0|0|0|0|1|1|1|0|0,6|0,6|0,6|1|1|1|0|0|0|0|0|0|0|0|0|0|0|0|0|0|0|0|0|0|0|0|0|0|0|0,1|0,1|1|2,1|0,1|0,1|0,6,1|0,6,1|0,6,1|0,6,1|1|1|0|0|0|0|0|0|0|0|0|0|0|0|0|0|0|0|0|0|0|0|0|0,6|0|0|0|0|0|0|0|0,6|0,6|0,6|0,6|1|1|0|0|0|0|0|0|0|0|0|0|0|0|0|0|0|0|0|0|0|0|0|0,6|0,6|0,6|0|0|0|0|0|0,6|0,6|0,6|0,6|1|1|0|0|0|0|0|0|0|0|0|0|0|0|0|0|0|0|0|0|0|0|0|0,6|0,6|0,6|0|0|0|0|0|0,6,2|0,6|0,6,2|0,6|0,6|1|0|0|0|0|0|0|0|0|0|0|0|0|0|0|0|0|0|0|0|0|0|0,6|0|0|0|0|0|1|1|1|1|1|1|1|1|0|0|0|0|0|0|0|0|0|0|0|0|0|0|0|0|0|0|0|0|0|0|0|0|0|0|0|3|4,6,3|1,3|1,3|1,3|1,3|1,3,4|1|0|0|0|0|0|0|0|0|0|0|0|0|0|0|0|0|0|0|0,6|0|0|0|0|0|0|0|0|1|1|1|1|1|1|1|1|0|0|0|0|0|0|0|0|0|0|0|0|0|0|0|0|0|0|0,6|0,6|0,6|0|0|0|0|0|0|1|1|1|1|1|1|1|1|0|0|0|0|0|0|0|0|0|0|0|0|0|0|0|0|0|0|0,6|0,6|0,6|0|0|0|0|0|0|0|0,6|0,6,2|0,6|0,6,2|0,6|0,6|1|0|0|0|0|0|0|0|0|0|0|0|0|0|0|0|0|0|0|0,6|0|0|0|0|0|0|0|0|0,6|0,6|0,6|0,6|0,6|0,6|1|1|0|0|0|0|0|0|0|0|0|0|0|0|0|0|0|0|0|0|0|0,1|1|2,1|0,1|0,1|0,1|0,1|0,1|0,6,1|0,6,1|0,6,1|0,6,1|0,6,1|0,6,1|1|1|0|0|0|0|0|0|0|0|0|0|0|0|0|0|0|0|0|0|0|0|1|1|1|0|0|0|0|0,6|0,6|0,6|0,6|0,6|0,6|1|1|0|0|0|0|0|0|0|0|0|0|0|0|0|0|0|0|0|0|0|0|1|1|1|0|0|0|0,6|0,6|0,6|0,6|0,6|0,6|0,6|1|1|0|0|0|0|0|0|0|0|0|0|0|0|0|0|0|0|0|0|0|0|1|2,1|0,1|0,1|0,1|0,1|0,6,1|0,6,1|0,6,1|0,6,1|0,6,1|0,6,1|0,6,1|1|1|0|0|0|0|0|0|0|0|0|0|0|0|0|0|0|0|0|0|0|0|0|0|0|0|0|0|0,6|0,6|0,6|0,6|0,6|0,6|0,6|1|1|0|0|0|0|0|0|0|0|0|0|0|0|0|0|0|0|0|0|0|0|0|0|0|0|0|0|0,6|0,6|0,6|0,6|0,6|0,6|0,6|1|1|0|0|0|0|0|0|0|0|0|0|0|0|0|0|0|0|0|0|0|0|0|0|0|0|0|0|0,6|0,6|0,6|0,6|0,6|0,6|0,6|1|1|0|0|0|0|0|0|0|0|0|0|0|0|0|0|0|0|0|0|0|0|0|0|0|0|0|0|0,6|0,6|0,6|0,6|0,6|0,6|0,6|1|1|0|0|0|0|0|0|0|0|0|0|0|0|0|0|0|0|0|0|0|0|0|0|0|0|0|0|0,6|0,6|0,6|0,6|0,6|0,6|1|1|1|0|0|0|0|0|0|0|0|0|0|0|0|0|0|0|0|0|0|0|0|0|0|0|0|0|0|0,6|0,6|0,6|0,6|0,6|0,6|1|1|1|0|0|0|0|0|0|0|0|0|0|0|0|0|0|0|0|0|0|0|0|0|0|0|0|0|0|0,6|0,6|0,6|0,6|0,6|0,6|1|1|1|0|0|0|0|0|0|0|0|0|0|0|0|0|0|0|0|0|0|0|0|0|0|0|0|0|0|0,6|0,6|0,6|0,6|0,6|0,6|1|1|1|0|0|0|0|0|0|0|0|0|0|0|0|0|0|0|0|0|0|0|0|0|0|0|0|0|0|0,6|0,6|0,6|0,6|0,6|0,6|1|1|1|0|0|0|0|0|0|0|0|0|0|0|0|0|0|0|0|0|0|0|0|0|0|0|0|0|0,6|0,6|0,6|0,6|0,6|0,6|0,6|0,6|4,6,3|1,3,5|0|0|0|0|0|0|0|0|0|0|0|0|0|0|0|0|0|0|0|0|0|0|0|0|0|0,6|0,6|0,6|0,6|0,6|0,6|0,6|1|1|1|0|0|0|0|0|0|0|0|0|0|0|0|0|0|0|0|0|0|0|0|0|0|0|0|0|0,6|0,6|0,6|0,6|0,6|0,6|0,6|1|1|1|0|0|0|0|0|0|0|0|0|0|0|0|0|0|0|0|0|0|0|0|0|0|0|0|0|0,6|0,6|0,6|0,6|0,6|0,6|0,6|1|1|1|0|0|0|0|0|0|0|0|0|0|0|0|0|0|0|0|0|0|0|0|0|0|0|0|0|0,6|0,6|0,6|0,6|0,6|0,6|0,6|1|1|1|0|0|0|0|0|0|0|0|0|0|0|0|0|0|0|0|0|0|0|0|0|0|0|0|0|0,6|0,6|0,6|0,6|0,6|0,6|0,6|1|1|1|0|0|0|0|0|0|0|0|0|0|0|0|0|0|0|0|0|0|0|0|0|0|0|0|0|0,6|0,6|0,6|0,6|0,6|0,6|0,6|1|1|1|0|0|0|0|0|0|0|0|0|0|0|0|0|0|0|0|0|0|0|0|0|0|0|0|0|0,6|0,6|0,6|0,6|0,6|0,6|0,6|1|1|1|0|0|0|0|0|0|0|0|0|0|0|0|0|0|0|0|0|0|0|0|0|0|0|0|0|0,6|0,6|0,6|0,6|0,6|0,6|0,6|1|1|1|0|0|0|0|0|0|0|0|0|0|0|0|0|0|0|0|0|0|0|0|0|0|0|0|0|0,6|0,6|0,6|0,6|0,6|0,6|0,6|0,6|1|1|0|0|0|0|0|0|0|0|0|0|0|0|0|0|0|0|0|0|0|0|0|0|0|0|0|0|0,6|0,6|0,6|0,6|0,6|0,6|0,6|1|1|0|0|0|0|0|0|0|0|0|0|0|0|0|0|0|0|0|0|0|0|0|0|0|0|0|0|0,6|0,6|0,6|0,6|0,6|0,6|0,6|1|1|0|0|0|0|0|0|0|0|0|0|0|0|0|0|0|0|0|0|0|0|0|0|0|0|0|0|0,6|0,6|0,6|0,6|0,6|0,6|0,6|0,6|1|0|0|0|0|0|0|0|0|0|0|0|0|0|0|0|0|0|0|0|0|0|0|0|0|0|0|0,6|0,6|0,6|0,6|0,6|0,6|0,6|0,6|1|0|0|0|0|0|0|0|0|0|0|0|0|0|0|0|0|0|0|0|0|0|0|0|0|0|0|0,6|0,6|0,6|0,6|0,6|0,6|0,6|0,6|1|0|0|0|0|0|0|0|0|0|0|0|0|0|0|0|0|0|0|0|0|0|0|0|0|0|0|0,6|0,6|0,6|0,6|0,6|0,6|0,6|0,6|1|0|0|0|0|0|0|0|0|0|0|0|0|0|0|0|0|0|0|0|0|0|0|0|0|0|0|0|0,6|0,6|0,6|0,6|0,6|0,6|0,6|1|0|0|0|0|0|0|0|0|0|0|0|0|0|0|0|0|0|0|0|0|0|0|0|0|0|0|0|0,6|0,6|0,6|0,6|0,6|0,6|0,6|1|0|0|0|0|0|0|0|0|0|0|0|0|0|0|0|0|0|0|0|0|0|0|0|0|0|0|0|0,6|0,6|0,6|0,6|0,6|0,6|0,6|1|0|0|0|0|0|0|0|0|0|0|0|0|0|0|0|0|0|0|0|0|0|0|0|0|0|0|0|0|0,6|0,6|0,6|0,6|0,6|1|1|0|0|0|0|0|0|0|0|0|0|0|0|0|0|0|0|0|0|0|0|0|0|0|0|0|0|0|0|0,6|0,6|0,6|0,6|0,6|1|1|0|0|0|0|0|0|0|0|0|0|0|0|0|0|0|0|0|0|0|0|0|0|0|0|0|0|0|0|0|0,6|0,6|0,6|0,6|1|1|0|0|0|0|0|0|0|0|0|0|0|0|0|0|0|0|0|0|0|0|0|0|0|0|0|0|0|0|0|0,6|0,6|0,6|0,6|1|1|0|0|0|0|0|0|0|0|0|0|0|0|0|0|0|0|0|0|0|0|0|0|0|0|0|0|0|0|0|0,6|0,6|0,6|0,6|1|1|0|0|0|0|0|0|0|0|0|0|0|0|0|0|0|0|0|0|0|0|0|0|0|0|0|0|0|0|0|0,6|0,6|0,6|0,6|1|1|0|0|0|0|0|0|0|0|0|0|0|0|0|0|0|0|0|0|0|0|0|0|0|0|0|0|0|0|0|0|0,6|0,6|0,6|1|1|0|0|0|0|0|0|0|0|0|0|0|0|0|0|0|0|0|0|0|0|0|0|0|0|0|0|0|0|0|0|0,6|0,6|0,6|1|1|0|0|0|0|0|0|0|0|0|0|0|0|0|0|0|0|0|0|0|0|0|0|0|0|0|0|0|0|0|0|0,6|0,6|0,6|1|1|0|0|0|0|0|0|0|0|0|0|0|0|0|0|0|0|0|0|0|0|0|0|0|0|0|0|0|0|0|0|0,6|0,6|0,6|1|1|0|0|0|0|0|0|0|0|0|0|0|0|0|0|0|0|0|0|0|0|0|0|0|0|0|0|0|0|0|0|0,6|0,6|1|1|1|0|0|0|0|0|0|0|0|0|0|0|0|0|0|0|0|0|0|0|0|0|0|0|0|0|0|0|0|0|0|0,6|0,6|1|1|1|0|0|0|0|0|0|0|0|0|0|0|0|0|0|0|0|0|0|0|0|0|0|0|0|0|0|0|0|0|0,6|0,6|0,6|1|1|1|0|0|0|0|0|0|0|0|0|0|0|0|0|0|0|0|0|0|0|0|0|0|0|0|0|0|0|0|0|0,6|0,6|0,6|0,6|4,6,3|1,3,5|0|0|0|0|0|0|0|0|0|0|0|0|0|0|0|0|0|0|0|0|0|0|0|0|0|0|0|0|0|0,6|0,6|0,6|1|1|1|0|0|0|0|0|0|0|0|0|0|0|0|0|0|0|0|0|0|0|0|0|0|0|0|0|0|0|0|0|0,6|0,6|0,6|1|1|1|0|0|0|0|0|0|0|0|0|0|0|0|0|0|0|0|0|0|0|0|0|0|0|0|0|0|0|0|0,6|0,6|0,6|1|1|1|1|0|0|0|0|0|0|0|0|0|0|0|0|0|0|0|0|0|0|0|0|0|0|0|0|0|0|0|0|0,6|0,6|0,6|1|1|1|1|0|0|0|0|0|0|0|0|0|0|0|0|0|0|0|0|0|0|0|0|0|0|0|0|0|0|0|0|0,6|0,6|0,6|1|1|1|1|0|0|0|0|0|0|0|0|0|0|0|0|0|0|0|0|0|0|0|0|0|0|0|0|0|0|0|0|0,6|0,6|0,6|1|1|1|1|0|0|0|0|0|0|0|0|0|0|0|0|0|0|0|0|0|0|0|0|0|0|0|0|0|0|0|0|0,6|0,6|0,6|1|1|1|1|0|0|0|0|0|0|0|0|0|0|0|0|0|0|0|0|0|0|0|0|0|0|0|0|0|0|0|0|0,6|0,6|1|1|1|1|1|0|0|0|0|0|0|0|0|0|0|0|0|0|0|0|0|0|0|0|0|0|0|0|0|0|0|0|0|0,6|0,6|1|1|1|1|1|0|0|0|0|0|0|0|0|0|0|0|0|0|0|0|0|0|0|0|0|0|0|0|0|0|0|0|0|0,6|0,6|1|1|1|1|1|0|0|0|0|0|0|0|0|0|0|0|0|0|0|0|0|0|0|0|0|0|0|0|0|0|0|0|0|0,6|1|1|1|1|1|1|0|0|0|0|0|0|0|0|0|0|0|0|0|0|0|0|0|0|0|0|0|0|0|0|0|0|0|0|0,6|1|1|1|1|1|1|0|0|0|0|0|0|0|0|0|0|0|0|0|0|0|0|0|0|0|0|0|0|0|0|0|0|0|0|0,6|1|1|1|1|1|1|0|0|0|0|0|0|0|0|0|0|0|0|0|0|0|0|0|0|0|0|0|0|0|0|0|0|0|0|0,6|1|1|1|1|1|1|0|0|0|0|0|0|0|0|0|0|0|0|0|0|0|0|0|0|0|0|0|0|0|0|0|0|0|0|1|1|1|1|1|1|1|0|0|0|0|0|0|0|0|0|0|0|0|0|0|0|0|0|0|0|0|0|0|0|0|0|0|0|0,6|1|1|1|1|1|1|1|0|0|0|0|0|0|0|0|0|0|0|0|0|0|0|0|0|0|0|0|0|0|0|0|0|0|0|0,6|1|1|1|1|1|1|1|0|0|0|0|0|0|0|0|0|0|0|0|0|0|0|0|0|0|0|0|0|0|0|0|0|0|0|0,6|1|1|1|1|1|1|1|0|0|0|0|0|0|0|0|0|0|0|0|0|0|0|0|0|0|0|0|0|0|0|0|0|0|0|1|1|1|1|1|1|1|1|0|0|0|0|0|0|0|0|0|0|0|0|0|0|0|0|0|0|0|0|0|0|0|0|0|0|0|1|1|1|1|1|1|1|1|0|0|0|0|0|0|0|0|0|0|0|0|0|0|0|0|0|0|0|0|0|0|0|0|0|0|1|1|1|1|1|1|1|1|1|0|0|0|0|0|0|0|0|0|0|0|0|0|0|0|0|0|0|0|0|0|0|0|0|0|0|1|1|1|1|1|1|1|1|1|0|0|0|0|0|0|0|0|0|0|0|0|0|0|0|0|0|0|0|0|0|0|0|0|0|1|1|1|1|1|1|1|1|1|1|0|0|0|0|0|0|0|0|0|0|0|0|0|0|0|0|0|0|0|0|0|0|0|0|0|1|1|1|1|1|1|1|1|1|1|0|0|0|0|0|0|0|0|0|0|0|0|0|0|0|0|0|0|0|0|0|0|0|0|0|1|1|1|1|1|1|1|1|1|1|0|0|0|0|0|0|0|0|0|0|0|0|0|0|0|0|0|0|0|0|0|0|0|0|1|1|1|1|1|1|1|1|1|1|1|0|0|0|0|0|0|0|0|0|0|0|0|0|0|0|0|0|0|0|0|0|0|0|0|1|1|1|1|1|1|1|1|1|1|1|0|0|0|0|0|0|0|0,2|0|0|0|0|0|0|0|0|0|0|0|0|0|0|0|1|1|1|1|1|1|1|1|1|1|1|1|0|0,6|0,6|0,6|0,6|0,6|0,6|0,6,2|0,6|0|0|0|0|0|0|0|0|0|0|0|0|0|0|1|1|1|1|1|1|1|1|1|1|1|1|0|0,6|0,6|0,6|0,6|1|1|1|0,6|0|0|0|0|0|0|0|0|0|0|0|0|0|1|1|1|1|1|1|1|1|1|1|1|1|1|0|0,6|0,6|1|1|1|1|1|1|0|0|0|0|0|0|0|0|0|0|0|0|0|1|1|1|1|1|1|1|1|1|1|1|1|1|0|0,6|0,6|1|1|1|1|1|1|1|0|0|0|0|0|0|0|0|0|0|0|0|1|1|1|1|1|1|1|1|1|1|1|1|1|0|0|0|0|0|1|1|1|1|1|0|0|0|0|0|0|0|0|0|0|0|0|1|1|1|1|1|1|1|1|1|1|1|1|1|0|0|0|0|0|1|1|1|1|1|0,6|0,6|0,6|0,6|0,6|0,6|0,6|0,6|0,6|0,6|0,6|1|1|1|1|1|1|1|1|1|1|1|1|1|1|0|0|0|0|0|1|1|1|1|1|0,6|0,6|0,6|0,6|0,6|0,6|0,6|0,6|0,6|0,6|0,6|1|1|1|1|1|1|1|1|1|1|1|1|1|1|0|0|0|0|0|3,6|4,6,3|1,3|1,3|0,6,3|0,6,3|0,6,3|0,6,3|0,6,3|0,6,3|0,6,3|0,6,3|0,6,3|0,6,3|0,6,3|0,6,3|1,3|1,3|1,3|1,3|1,3|1,3|1,3|1,3|1,3|1,3|1,3|1,3,4|1|1|0|0|0|0|0|1|1|1|1|0,6|0,6|0,6|0,6|0,6|0,6|0,6|0,6|0,6|0,6|0,6|0,6|1|1|1|1|1|1|1|1|1|1|1|1|1|1|0|0|0|0|0|1|1|1|1|0,6|0,6|0,6|0,6|0,6|0,6|0,6|0,6|0,6|0,6|0,6|1|1|1|1|1|1|1|1|1|1|1|1|1|1|1|0|0|0|0|0|1|1|1|1|1|1|1|1|1|0,6,1|0,6|0,6|0,6|0,6|0,6|1|1|1|1|1|1|1|1|1|1|1|1|1|1|1|0|0|0|0|0|3,6,2|0,6|0,6,2|0,6|0,6|0,6,2|0,6|0,6|0,6,2|0,6|0,6|0,6|0,6|0,6|0,6|1|1|1|1|1|1|1|1|1|1|1|1|1|1|1|0|0|0|0|0|3,6,2|0,6|0,6,2|0,6|0,6|0,6,2|0,6|0,6|0,6,2|0,6|0,6|0,6,2|0,6|0,6|0,6|1|1|1|1|1|1|1|1|1|1|1|1|1|1|1|0|0|0|0|0|1|1|1|1|1|1|1|1|1|0,6,1|0,6,1|0,6,1,2|0,6,1|0,6|0,6|1|1|1|1|1|1|1|1|1|1|1|1|1|1|1|0|0|0|0|0|1|1|1|1|0,6|0,6|0,6|0,6|0,6|0,6|0,6|0,6|0,6|0,6|0,6|1|1|1|1|1|1|1|1|1|1|1|1|1|1|1|0|0|0|0|1|1|1|1|1|0|0|0|0|0|0|0|0|0|0|0|0|1|1|1|1|1|1|1|1|1|1|1|1|1|1|0|0|0,6|0,6|1|1|1|1|1|1|0|0|0|0|0|0|0|0|0|0|0|1|1|1|1|1|1|1|1|1|1|1|1|1|1|0|0|0,6|0,6|1|1|1|1|1|1|0|0|0|0|0|0|0|0|0|0|0|0|1|1|1|1|1|1|1|1|1|1|1|1|1|0|0|0,6|0,6|0,6|1|1|1|1|1|0|0|0|0|0|0|0|0|0|0|0|0|1|1|1|1|1|1|1|1|1|1|1|1|1|0|0|0|0|0|0,6|0,6|0,6,2|0|0|0|0|0|0|0|0|0|0|0|0|0|0|0|1|1|1|1|1|1|1|1|1|1|1|1|0|0|0|0|0|0|0|0,2|0|0|0|0|0|0|0|0,1|1|2,1|0,1|0,1|0,1|0,1|0,1|1|1|1|1|1|1|1|1|1|1|1|1|0|0|0|0|0|0|0|0|0|0|0|0|0|0|0|0|1|1|1|0|0|0|0|0|1|1|1|1|1|1|1|1|1|1|1|0|0|0|0|0|0|0|0|0|0|0|0|0|0|0|0|1|1|1|0|0|0|0|0|1|1|1|1|1|1|1|1|1|1|1|0|0|0|0|0|0|0|0|0|0|0|0|0,6|0|0|0|1|2,1|0,1|0,1|0,1|0,1|0,1|0,1|0,1|1|1|1|1|1|1|1|1|1|1|0|0|0|0|0|0|0|0|0|0|0|0|0,6|0,6|0,6|0|0|0|0|0|0|0|0|0|0|0|1|1|1|1|1|1|1|1|1|0|0|0|0|0|0|0|0|0|0|0|0|0,6|0,6|0,6|0|0|0|0|0|0|0|0|0|0|0|1|1|1|1|1|1|1|1|1|0|0|0|0|0|0|0|0|0|0|0|0|0,6|0|0|0|0|0|0|0|0|0|0|0|0|0|1|1|1|1|1|1|1|1|1|0|0|0|0|0|0|0|0|0|0|0|0|0|0|0|0|0|0|0|0|0|0|0|0|0|0|0,6|1|1|1|1|1|1|1|1|0|0|0|0|0|0|0|0|0|0|0|0|0|0|0|0|0|0|0|0|0|0|0|0|0|0|0,6|1|1|1|1|1|1|1|1|0|0|0|0|0|0|0|0|0|0|0|0|0|0|0|0|0|0|0|0|0|0|0|0|0|0|0|1|1|1|1|1|1|1|1|0|0|0|0|0|0|0|0|0|0|0|0|0|0|0|0|0|0|0|0|0|0|0|0|0|0|0|0,6|1|1|1|1|1|1|1|0|0|0|0|0|0|0|0|0|0|0|0|0|0|0|0|0|0|0|0|0|0|0|0|0|0|0|0,6|1|1|1|1|1|1|1|0|0|0|0|0|0|0|0|0|0|0|0|0|0|0|0|0|0|0|0|0|0|0|0|0|0|0|0|1|1|1|1|1|1|1|0|0|0|0|0|0|0|0|0|0|0|0|0|0|0|0|0|0|0|0|0|0|0|0|0|0|0|0|1|1|1|1|1|1|1|0|0|0|0|0|0|0|0|0|0|0|0|0|0|0|0|0|0|0|0|0|0|0|0|0|0|0|0|1|1|1|1|1|1|1|0|0|0|0|0|0|0|0|0|0|0|0|0|0|0|0|0|0|0|0|0|0|0|0|0|0|0|0|0,6|1|1|1|1|1|1|0|0|0|0|0|0|0|0|0|0|0|0|0|0|0|0|0|0|0|0|0|0|0|0|0|0|0|0|0,6|1|1|1|1|1|1|0|0|0|0|0|0|0|0|0|0|0|0|0|0|0|0|0|0|0|0|0|0|0|0|0|0|0|0|0,6|1|1|1|1|1|1|0|0|0|0|0|0|0|0|0|0|0|0|0|0|0|0|0|0|0|0|0|0|0|0|0|0|0|0|0,6|0,6|1|1|1|1|1|0|0|0|0|0|0|0|0|0|0|0|0|0|0|0|0|0|0|0|0|0|0|0|0|0|0|0|0|0,6|0,6|1|1|1|1|1|0|0|0|0|0|0|0|0|0|0|0|0|0|0|0|0|0|0|0|0|0|0|0|0|0|0|0|0|0,6|0,6|1|1|1|1|1|0|0|0|0|0|0|0|0|0|0|0|0|0|0|0|0|0|0|0|0|0|0|0|0|0|0|0|0|0,6|0,6|1|1|1|1|1|0|0|0|0|0|0|0|0|0|0|0|0|0|0|0|0|0|0|0|0|0|0|0|0|0|0|0|0|0,6|0,6|0,6|1|1|1|1|0|0|0|0|0|0|0|0|0|0|0|0|0|0|0|0|0|0|0|0|0|0|0|0|0|0|0|0|0,6|0,6|0,6|1|1|1|1|0|0|0|0|0|0|0|0|0|0|0|0|0|0|0|0|0|0|0|0|0|0|0|0|0|0|0|0|0,6|0,6|0,6|1|1|1|1|0|0|0|0|0|0|0|0|0|0|0|0|0|0|0|0|0|0|0|0|0|0|0|0|0|0|0|0|0,6|0,6|0,6|0,6|4,6,3|1,3,5|1|0|0|0|0|0|0|0|0|0|0|0|0|0|0|0|0|0|0|0|0|0|0|0|0|0|0|0|0|0,6|0,6|0,6|1|1|1|1|0|0|0|0|0|0|0|0|0|0|0|0|0|0|0|0|0|0|0|0|0|0|0|0|0|0|0|0|0,6|0,6|0,6|1|1|1|1|0|0|0|0|0|0|0|0|0|0|0|0|0|0|0|0|0|0|0|0|0|0|0|0|0|0|0|0|0,6|0,6|0,6|1|1|1|1|0|0|0|0|0|0|0|0|0|0|0|0|0|0|0|0|0|0|0|0|0|0|0|0|0|0|0|0|0,6|0,6|0,6|1|1|1|1|0|0|0|0|0|0|0|0|0|0|0|0|0|0|0|0|0|0|0|0|0|0|0|0|0|0|0|0|0,6|0,6|0,6|0,6|1|1|1|0|0|0|0|0|0|0|0|0|0|0|0|0|0|0|0|0|0|0|0|0|0|0|0|0|0|0|0|0,6|0,6|0,6|0,6|1|1|1|0|0|0|0|0|0|0|0|0|0|0|0|0|0|0|0|0|0|0|0|0|0|0|0|0|0|0|0|0,6|0,6|0,6|0,6|1|1|1|0|0|0|0|0|0|0|0|0|0|0|0|0|0|0|0|0|0|0|0|0|0|0|0|0|0|0|0|0,6|0,6|0,6|0,6|1|1|1|0|0|0|0|0|0|0|0|0|0|0|0|0|0|0|0|0|0|0|0|0|0|0|0|0|0|0|0|0,6|0,6|0,6|0,6|1|1|1|0|0|0|0|0|0|0|0|0|0|0|0|0|0|0|0|0|0|0|0|0|0|0|0|0|0|0|0|0|0,6|0,6|0,6|1|1|1|0|0|0|0|0|0|0|0|0|0|0|0|0|0|0|0|0|0|0|0|0|0|0|0|0|0|0|0|0|0,6|0,6|0,6|0,6|1|1|0|0|0|0|0|0|0|0|0|0|0|0|0|0|0|0|0|0|0|0|0|0|0|0|0|0|0|0|0|0,6|0,6|0,6|0,6|1|1|0|0|0|0|0|0|0|0|0|0|0|0|0|0|0|0|0|0|0|0|0|0|0|0|0|0|0|0|0|0,6|0,6|0,6|0,6|1|1|0|0|0|0|0|0|0|0|0|0|0|0|0|0|0|0|0|0|0|0|0|0|0|0|0|0|0|0|0|0,6|0,6|0,6|0,6|1|1|0|0|0|0|0|0|0|0|0|0|0|0|0|0|0|0|0|0|0|0|0|0|0|0|0|0|0|0|0|0,6|0,6|0,6|0,6|1|1|0|0|0|0|0|0|0|0|0|0|0|0|0|0|0|0|0|0|0|0|0|0|0|0|0|0|0|0|0|0|0,6|0,6|0,6|1|1|0|0|0|0|0|0|0|0|0|0|0|0|0|0|0|0|0|0|0|0|0|0|0|0|0|0|0|0|0|0|0,6|0,6|0,6|1|1|0|0|0|0|0|0|0|0|0|0|0|0|0|0|0|0|0|0|0|0|0|0|0|0|0|0|0|0|0|0|0,6|0,6|0,6|1|1|0|0|0|0|0|0|0|0|0|0|0|0|0|0|0|0|0|0|0|0|0|0|0|0|0|0|0|0|0|0|0,6|0,6|0,6|0,6|1|0|0|0|0|0|0|0|0|0|0|0|0|0|0|0|0|0|0|0|0|0|0|0|0|0|0|0|0|0|0,6|0,6|0,6|0,6|0,6|1|0|0|0|0|0|0|0|0|0|0|0|0|0|0|0|0|0|0|0|0|0|0|0|0|0|0|0|0|0|0,6|0,6|0,6|0,6|0,6|1|0|0|0|0|0|0|0|0|0|0|0|0|0|0|0|0|0|0|0|0|0|0|0|0|0|0|0|0|0|0,6|0,6|0,6|0,6|0,6|1|0|0|0|0|0|0|0|0|0|0|0|0|0|0|0|0|0|0|0|0|0|0|0|0|0|0|0|0|0|0,6|0,6|0,6|0,6|0,6|1|0|0|0|0|0|0|0|0|0|0|0|0|0|0|0|0|0|0|0|0|0|0|0|0|0|0|0|0|0|0,6|0,6|0,6|0,6|0,6|1|0|0|0|0|0|0|0|0|0|0|0|0|0|0|0|0|0|0|0|0|0|0|0|0|0|0|0|0|0|0,6|0,6|0,6|0,6|0,6|1|0|0|0|0|0|0|0|0|0|0|0|0|0|0|0|0|0|0|0|0|0|0|0|0|0|0|0|0|0|0,6|0,6|0,6|0,6|0,6|1|0|0|0|0|0|0|0|0|0|0|0|0|0|0|0|0|0|0|0|0|0|0|0|0|0|0|0|0|0|0,6|0,6|0,6|0,6|0,6|1|0|0|0|0|0|0|0|0|0|0|0|0|0|0|0|0|0|0|0|0|0|0|0|0|0|0|0|0|0|0,6|0,6|0,6|0,6|0,6|1|0|0|0|0|0|0|0|0|0|0|0|0|0|0|0|0|0|0|0|0|0|0|0|0|0|0|0|0|0|0,6|0,6|0,6|0,6|0,6|1|0|0|0|0|0|0|0|0|0|0|0|0|0|0|0|0|0|0|0|0|0|0|0|0|0|0|0|0|0|0,6|0,6|0,6|0,6|0,6|1|0|0|0|0|0|0|0|0|0|0|0|0|0|0|0|0|0|0|0|0|0|0|0|0|0|0|0|0|0,6|0,6|0,6|0,6|0,6|0,6|1|0|0|0|0|0|0|0|0|0|0|0|0|0|0|0|0|0|0|0|0|0|0|0|0|0|0|0|0|0,6|0,6|0,6|0,6|0,6|0,6|1|0|0|0|0|0|0|0|0|0|0|0|0|0|0|0|0|0|0|0|0|0|0|0|0|0|0|0|0|0,6|0,6|0,6|0,6|0,6|0,6|1|0|0|0|0|0|0|0|0|0|0|0|0|0|0|0|0|0|0|0|0|0|0|0|0|0|0|0|0|0,6|0,6|0,6|0,6|0,6|0,6|1|0|0|0|0|0|0|0|0|0|0|0|0|0|0|0|0|0|0|0|0|0|0|0|0|0|0|0|0|0,6|0,6|0,6|0,6|0,6|0,6|1|0|0|0|0|0|0|0|0|0|0|0|0|0|0|0|0|0|0|0|0|0|0|0|0|0|0|0|0|0,6|0,6|0,6|0,6|0,6|0,6|1|0|0|0|0|0|0|0|0|0|0|0|0|0|0|0|0|0|0|0|0|0|0|0|0|0|0|0|0|0,6|0,6|0,6|0,6|0,6|1|1|0|0|0|0|0|0|0|0|0|0|0|0|0|0|0|0|0|0|0|0|0|0|0|0|0|0|0|0|0|0,6|0,6|0,6|0,6|1|1|0|0|0|0|0|0|0|0|0|0|0|0|0|0|0|0|0|0|0|0|0|0|0|0|0|0|0|0|0|0,6|0,6|0,6|0,6|1|1|0|0|0|0|0|0|0|0|0|0|0|0|0|0|0|0|0|0|0|0|0|0|0|0|0|0|0|0|0|0,6|0,6|0,6|0,6|1|1|0|0|0|0|0|0|0|0|0|0|0|0|0|0|0|0|0|0|0|0|0|0|0|0|0|0|0|0|0|0,6|0,6|0,6|1|1|1|0|0|0|0|0|0|0|0|0|0|0|0|0|0|0|0|0|0|0|0|0|0|0|0|0|0|0|0|0|0,6|0,6|0,6|1|1|1|0|0|0|0|0|0|0|0|0|0|0|0|0|0|0|0|0|0|0|0|0|0|0|0|0|0|0|0|0,6|0,6|0,6|0,6|1|1|1|0|0|0|0|0|0|0|0|0|0|0|0|0|0|0|0|0|0|0|0|0|0|0|0|0|0|0|0|0,6|0,6|0,6|0,6|1|1|1|0|0|0|0|0|0|0|0|0|0|0|0|0|0|0|0|0|0|0|0|0|0|0|0|0|0|0|0|0,6|0,6|0,6|0,6|1|1|1|0|0|0|0|0|0|0|0|0|0|0|0|0|0|0|0|0|0|0|0|0|0|0|0|0|0|0|0|0,6|0,6|0,6|0,6|1|1|1|0|0|0|0|0|0|0|0|0|0|0|0|0|0|0|0|0|0|0|0|0|0|0|0|0|0|0|0|0,6|0,6|0,6|0,6|1|1|1|0|0|0|0|0|0|0|0|0|0|0|0|0|0|0|0|0|0|0|0|0|0|0|0|0|0|0|0|0,6|0,6|0,6|0,6|1|1|1|0|0|0|0|0|0|0|0|0|0|0|0|0|0|0|0|0|0|0|0|0|0|0|0|0|0|0|0|0,6|0,6|0,6|0,6|1|1|1|0|0|0|0|0|0|0|0|0|0|0|0|0|0|0|0|0|0|0|0|0|0|0|0|0|0|0|0|0,6|0,6|0,6|0,6|1|1|1|0|0|0|0|0|0|0|0|0|0|0|0|0|0|0|0|0|0|0|0|0|0|0|0|0|0|0|0|0,6|0,6|0,6|0,6|0,6|1|1|0|0|0|0|0|0|0|0|0|0|0|0|0|0|0|0|0|0|0|0|0|0|0|0|0|0|0|0|0,6|0,6|0,6|0,6|0,6|1|1|0|0|0|0|0|0|0|0|0|0|0|0|0|0|0|0|0|0|0|0|0|0|0|0|0|0|0|0|0,6|0,6|0,6|0,6|0,6|1|1|0|0|0|0|0|0|0|0|0|0|0|0|0|0|0|0|0|0|0|0|0|0|0|0|0|0|0|0,6|0,6|0,6|0,6|0,6|0,6|1|1|0|0|0|0|0|0|0|0|0|0|0|0|0|0|0|0|0|0|0|0|0|0|0|0|0|0|0|0,6|0,6|0,6|0,6|0,6|0,6|1|1|0|0|0|0|0|0|0|0|0|0|0|0|0|0|0|0|0|0|0|0|0|0|0|0|0|0|0|0,6|0,6|0,6|0,6|0,6|0,6|0,6|1|0|0|0|0|0|0|0|0|0|0|0|0|0|0|0|0|0|0|0|0|0|0|0|0|0|0|0,6|0,6|0,6|0,6|0,6|0,6|0,6|0,6|1|0|0|0|0|0|0|0|0|0|0|0|0|0|0|0|0|0|0|0|0|0|0|0|0|0|0|0,6|0,6|0,6|0,6|0,6|0,6|0,6|0,6|1|0|0|0|0|0|0|0|0|0|0|0|0|0|0|0|0|0|0|0|0|0|0|0|0|0|0|0,6|0,6|0,6|0,6|0,6|0,6|0,6|0,6|1|0|0|0|0|0|0|0|0|0|0|0|0|0|0|0|0|0|0|0|0|0|0|0|0|0|0|0,6|0,6|0,6|0,6|0,6|0,6|0,6|0,6|1|0|0|0|0|0|0|0|0|0|0|0|0|0|0|0|0|0|0|0|0|0|0|0|0|0|0,6|0,6|0,6|0,6|0,6|0,6|0,6|0,6|0,6|1|0|0|0|0|0|0|0|0|0|0|0|0|0|0|0|0|0|0|0|0|0|0|0|0|0|0,6|0,6|0,6|0,6|0,6|0,6|0,6|0,6|0,6|1|0|0|0|0|0|0|0|0|0|0|0|0|0|0|0|0|0|0|0|0|0|0|0|0|0|0,6|0,6|0,6|0,6|0,6|0,6|0,6|0,6|0,6|1|0|0|0|0|0|0|0|0|0|0|0|0|0|0|0|0|0|0|0|0|0|0|0|0|0,6|0,6|0,6|0,6|0,6|0,6|0,6|0,6|0,6|0,6|1|0|0|0|0|0|0|0|0|0|0|0|0|0|0|0|0|0,6|0,6|0,6|0,6|0,6|0,6|0,6|0,6|0,6|0,6|0,6|0,6|0,6|0,6|0,6|0,6|0,6|0,6|1|0|0|0|0|0|0|0|0|0|0|0|0|0|0|0|0,6|0,6|0,6|0,6|0,6|0,6|0,6|0,6|0,6|0,6|0,6|0,6|0,6|0,6|0,6|0,6|0,6|0,6|1|1|0|0|0|0|0|0|0|0|0|0|0|0|0|0|0,6|0,6|0,6|0,6|0,6|0,6|0,6|0,6|0,6|0,6|0,6|0,6|0,6|0,6|0,6|0,6|0,6|0,6|0,6|1|1|0|0|0|0|0|0|0|0|0|0|0|0|0|0|0,6|0,6|0,6|0,6|0,6|0,6|0,6|0,6|0,6|0,6|0,6|0,6|0,6|0,6|0,6|0,6|0,6|0,6|0,6|1|1|0|0|0|0|0|0|0|0|0|0|0|0|0|0,6|0,6|0,6|0,6|0,6|0,6|0,6|0,6|0,6|0,6|0,6|0,6|0,6|0,6|0,6|0,6|0,6|0,6|0,6|0,6|1|1|0|0|0|0|0|0|0|0|0|0|0|0|0|0,6|0,6|0,6|0,6|0,6|0,6|0,6|0,6|0,6|0,6|0,6|0,6|0,6|0,6|0,6|0,6|0,6|0,6|0,6|0,6|1|1|0|0|0|0|0|0|0|0|0|0|0|0|0|0|0,6|0,6|0,6|0,6|0,6|0,6|0,6|0,6|0,6|0,6|0,6|0,6|0,6|0,6|0,6|0,6|0,6|0,6|0,6|1|1|0|0|0|0|0|0|0|0|0|0|0|0|0|0|0|0,6|0,6|0,6|0,6|0,6|0,6|0,6|0,6|0,6|0,6|0,6|0,6|0,6|0,6|0,6|0,6|0,6|0,6|1|1|0|0|0|0|0|0|0|0|0|0|0|0|0|0|0|0|0,6|0,6|0,6|0,6|0,6|0,6|0,6|0,6|0,6|0,6|0,6|0,6|0,6|0,6|0,6|0,6|1|1|1|0|0|0|0|0|0|0|0|0|0|0|0|0|0|0|0|0,6|0,6|0,6|0,6|0,6|0,6|0,6|0,6|0,6|0,6|0,6|0,6|0,6|0,6|0,6|0,6|1|1|1|0|0|0|0|0|0|0|0|0|0|0|0|0|0|0|0|0|0|0|0|0|0|0|0,6|0,6|0,6|0,6|0,6|0,6|0,6|0,6|0,6|1|1|1|0|0|0|0|0|0|0|0|0|0|0|0|0|0|0|0|0|0|0|0|0|0|0|0|0,6|0,6|0,6|0,6|0,6|0,6|0,6|1|1|1|1|0|0|0|0|0|0|0|0|0|0|0|0|0|0|0|0|0|0|0|0|0|0|0|0|0|0,6|0,6|0,6|0,6|0,6|0,6|1|1|1|1|0|0|0|0|0|0|0|0|0|0|0|0|0|0|0|0|0|0|0|0|0|0|0|0|0|0,6|0,6|0,6|0,6|0,6|0,6|1|1|1|1|0|0|0|0|0|0|0|0|0|0|0|0|0|0|0|0|0|0|0|0|0|0|0|0|0|0|0,6|0,6|0,6|0,6|1|1|1|1|1|0|0|0|0|0|0|0|0|0|0|0|0|0|0|0|0|0|0|0|0|0|0|0|0|0|0|0,6|0,6|0,6|0,6|1|1|1|1|1|0|0|0|0|0|0|0|0|0|0|0|0|0|0|0|0|0|0|0|0|0|0|0|0|0|0|0,6|0,6|0,6|0,6|1|1|1|1|1|0|0|0|0|0|0|0|0|0|0|0|0|0|0|0|0|0|0|0|0|0|0|0|0|0|0|0,6|0,6|0,6|1|1|1|1|1|1|0|0|0|0|0|0|0|0|0|0|0|0|0|0|0|0|0|0|0|0|0|0|0|0|0|0|0,6|0,6|0,6|1|1|1|1|1|1|0|0|0|0|0|0|0|0|0|0|0|0|0|0|0|0|0|0|0|0|0|0|0|0|0|0|0,6|0,6|0,6|0,6|4,6,3|1,3,5|1|1|1|0|0|0|0|0|0|0|0|0|0|0|0|0|0|0|0|0|0|0|0|0|0|0|0|0|0|0,6|0,6|0,6|1|1|1|1|1|1|0|0|0|0|0|0|0|0|0|0|0|0|0|0|0|0|0|0|0|0|0|0|0|0|0|0|0,6|0,6|0,6|1|1|1|1|1|1|0|0|0|0|0|0|0|0|0|0|0|0|0|0|0|0|0|0|0|0|0|0|0|0|0|0|0,6|0,6|0,6|1|1|1|1|1|1|0|0|0|0|0|0|0|0|0|0|0|0|0|0|0|0|0|0|0|0|0|0|0|0|0|0|0,6|0,6|0,6|0,6|1|1|1|1|1|0|0|0|0|0|0|0|0|0|0|0|0|0|0|0|0|0|0|0|0|0|0|0|0|0|0|0,6|0,6|0,6|0,6|1|1|1|1|1|0|0|0|0|0|0|0|0|0|0|0|0|0|0|0|0|0|0|0|0|0|0|0|0|0|0|0,6|0,6|0,6|0,6|1|1|1|1|1|0|0|0|0|0|0|0|0|0|0|0|0|0|0|0|0|0|0|0|0|0|0|0|0|0|0|0,6|0,6|0,6|0,6|0,6|1|1|1|1|0|0|0|0|0|0|0|0|0|0|0|0|0|0|0|0|0|0|0|0|0|0|0|0|0|0|0,6|0,6|0,6|0,6|0,6|1|1|1|1|0|0|0|0|0|0|0|0|0|0|0|0|0|0|0|0|0|0|0|0|0|0|0|0|0|0,6|0,6|0,6|0,6|0,6|0,6|0,6|1|1|1|0|0|0|0|0|0|0|0|0|0|0|0|0|0|0|0|0|0|0|0|0|0|0|0|0|0,6|0,6|0,6|0,6|0,6|0,6|0,6|1|1|1|0|0|0|0|0|0|0|0|0|0|0|0|0|0|0|0|0|0|0|0|0|0|0|0|0|0,6|0,6|0,6|0,6|0,6|0,6|0,6|1|1|1|0|0|0|0|0|0|0|0|0|0|0|0|0|0|0|0|0|0|0|0|0|0|0|0|0|0,6|0,6|0,6|0,6|0,6|0,6|0,6|1|1|1|0|0|0|0|0|0|0|0|0|0|0|0|0|0|0|0|0|0|0|0|0|0|0|0|0|0,6|0,6|0,6|0,6|0,6|0,6|0,6|1|1|1|0|0|0|0|0|0|0|0|0|0|0|0|0|0|0|0|0|0|0|0|0|0|0|0|0|0,6|0,6|0,6|0,6|0,6|0,6|0,6|0,6|1|1|0|0|0|0|0|0|0|0|0|0|0|0|0|0|0|0|0|0|0|0|0|0|0|0|0|0,6|0,6|0,6|0,6|0,6|0,6|0,6|0,6|1|1|0|0|0|0|0|0|0|0|0|0|0|0|0|0|0|0|0|0|0|0|0|0|0|0|0|0,6|0,6|0,6|0,6|0,6|0,6|0,6|0,6|1|1|0|0|0|0|0|0|0|0|0|0|0|0|0|0|0|0|0|0|0|0|0|0|0|0|0|0,6|0,6|0,6|0,6|0,6|0,6|0,6|0,6|1|1|0|0|0|0|0|0|0|0|0|0|0|0|0|0|0|0|0|0|0|0|0|0|0|0|0|0,6|0,6|0,6|0,6|0,6|0,6|0,6|1|1|1|0|0|0|0|0|0|0|0|0|0|0|0|0|0|0|0|0|0|0|0|0|0|0|0|0|0,6|0,6|0,6|0,6|0,6|0,6|0,6|1|1|1|0|0|0|0|0|0|0|0|0|0|0|0|0|0|0|0|0|0|0|0|0|0|0|0|0|0,6|0,6|0,6|0,6|0,6|0,6|0,6|1|1|1|0|0|0|0|0|0|0|0|0|0|0|0|0|0|0|0|0|0|0|0|0|0|0|0|0|0,6|0,6|0,6|0,6|0,6|0,6|0,6|1|1|1|0|0|0|0|0|0|0|0|0|0|0|0|0|0|0|0|0|0|0|0|0|0|0|0|0|0,6|0,6|0,6|0,6|0,6|0,6|1|1|1|1|0|0|0|0|0|0|0|0|0|0|0|0|0|0|0|0|0|0|0|0|0|0|0|0|0|0,6|0,6|0,6|0,6|0,6|0,6|1|1|1|1|0|0|0|0|0|0|0|0|0|0|0|0|0|0|0|0|0|0|0|0|0|0|0|0|0|0,6|0,6|0,6|0,6|0,6|0,6|1|1|1|1|0|0|0|0|0|0|0|0|0|0|0|0|0|0|0|0|0|0|0|0|0|0|0|0|0|0,6|0,6|0,6|0,6|0,6|0,6|1|1|1|1|0|0|0|0|0|0|0|0|0|0|0|0|0|0|0|0|0|0|0|0|0|0|0|0|0|0,6|0,6|0,6|0,6|0,6|0,6|1|1|1|1|0|0|0|0|0|0|0|0|0|0|0|0|0|0|0|0|0|0|0|0|0|0|0|0|0|0,6|0,6|0,6|0,6|0,6|0,6|1|1|1|1|0|0|0|0|0|0|0|0|0|0|0|0|0|0|0|0|0|0|0|0|0|0|0|0|0|0|0,6|0,6|0,6|0,6|1|1|1|1|1|0|0|0|0|0|0|0|0|0|0|0|0|0|0|0|0|0|0|0|0|0|0|0|0|0|0|0,6|0,6|0,6|0,6|1|1|1|1|1|0|0|0|0|0|0|0|0|0|0|0|0|0|0|0|0|0|0|0|0|0|0|0|0|0|0|0,6|0,6|0,6|0,6|1|1|1|1|1|0|0|0|0|0|0|0|0|0|0|0|0|0|0|0|0|0|0|0|0|0|0|0|0|0|0|0,6|0,6|0,6|0,6|1|1|1|1|1|0|0|0|0|0|0|0|0|0|0|0|0|0|0|0|0|0|0|0|0|0|0|0|0|0|0|0,6|0,6|0,6|0,6|1|1|1|1|1|0|0|0|0|0|0|0|0|0|0|0|0|0|0|0|0|0|0|0|0|0|0|0|0|0|0|0,6|0,6|0,6|0,6|1|1|1|1|1|0|0|0|0|0|0|0|0|0|0|0|0|0|0|0|0|0|0|0|0|0|0|0|0|0|0|0,6|0,6|0,6|1|1|1|1|1|1|0|0|0|0|0|0|0|0|0|0|0|0|0|0|0|0|0|0|0|0|0|0|0|0|0|0|0,6|0,6|0,6|1|1|1|1|1|1|0|0|0|0|0|0|0|0|0|0|0|0|0|0|0|0|0|0|0|0|0|0|0|0|0|0|0,6|0,6|0,6|1|1|1|1|1|1|0|0|0|0|0|0|0|0|0|0|0|0|0|0|0|0|0|0|0|0|0|0|0|0|0|0|0,6|0,6|0,6|1|1|1|1|1|1|0|0|0|0|0|0|0|0|0|0|0|0|0|0|0|0|0|0|0|0|0|0|0|0|0|0|0,6|0,6|0,6|1|1|1|1|1|1|0|0|0|0|0|0|0|0|0|0|0|0|0|0|0|0|0|0|0|0|0|0|0|0|0|0|0|0,6|0,6|1|1|1|1|1|1|0|0|0|0|0|0|0|0|0|0|0|0|0|0|0|0|0|0|0|0|0|0|0|0|0|0|0|0,6|0,6|1|1|1|1|1|1|0|0|0|0|0|0|0|0|0|0|0|0|0|0|0|0|0|0|0|0|0|0|0|0|0|0|0|0,6|1|1|1|1|1|1|1|0|0|0|0|0|0|0|0|0|0|0|0|0|0|0|0|0|0|0|0|0|0|0|0|0|0|0|0,6|1|1|1|1|1|1|1|0|0|0|0|0|0|0|0|0|0|0|0|0|0|0|0|0|0|0|0|0|0|0|0|0|0|0|0,6|1|1|1|1|1|1|1|0|0|0|0|0|0|0|0|0|0|0|0|0|0|0|0|0|0|0|0|0|0|0|0|0|0|1|1|1|1|1|1|1|1|1|0|0|0|0|0|0|0|0|0|0|0|0|0|0|0|0|0|0|0|0|0|0|0|0|0|0|0|0|1|1|1|1|1|1|1|0|0|0|0|0|0|0|0|0|0|0|0|0|0|0|0|0|0|0|0|0|0|0|0|0|0|0|0|0,6|1|1|1|1|1|1|0|0|0|0|0|0|0|0|0|0|0|0|0|0|0|0|0|0|0|0|0|0|0|0|0|0|0|0|0,6|1|1|1|1|1|1|0|0|0|0|0|0|0|0|0|0|0|0|0|0|0|0|0|0|0|0|0|0|0|0|0|0|0|0|0|1|1|1|1|1|1|0|0|0|0|0|0|0|0|0|0|0|0|0|0|0|0|0|0|0|0|0|0|0|0|0|0|0|0|0|1|1|1|1|1|1|0|0|0|0|0|0|0|0|0|0|0|0|0|0|0|0|0|0|0|0|0|0|0|0|0|0|0|0|0|1|1|1|1|1|1|0|0|0|0|0|0|0|0|0|0|0|0|0|0|0|0|0|0|0|0|0|0|0|0|0|0|0|0|0|1|1|1|1|1|1|0|0|0|0|0|0|0|0|0|0|0|0|0|0|0|0|0|0|0|0|0|0|0|0|0|0|0|0|0|1|1|1|1|1|1|0|0|0|0|0|0|0|0|0|0|0|0|0|0|0|0|0|0|0|0|0|0|0|0|0|0|0|0|0|1|1|1|1|1|1|0|0|0|0|0|0|0|0|0|0|0|0|0|0|0|0|0|0|0|0|0|0|0|0|0|0|0|0|0|0|1|1|1|1|1|0|0|0|0|0|0|0|0|0|0|0|0|0|0|0|0|0|0|0|0|0|0|0|0|0|0|0|0|0|0|0|4,6,3|1,3,5|1|1|0|0|0|0|0|0|0|0|0|0|0|0|0|0|0|0|0|0|0|0|0|0|0|0|0|0|0|0|0|0|1|1|1|1|1|0|0|0|0|0|0|0|0|0|0|0|0|0|0|0|0|0|0|0|0|0|0|0|0|0|0|0|0|0|0|1|1|1|1|1|0|0|0|0|0|0|0|0|0|0|0|0|0|0|0|0|0|0|0|0|0|0|0|0|0|0|0,6|0,6|0,6|1|1|1|1|1|1|0|0|0|0|0|0|0|0|0|0|0|0|0|0|0|0|0|0|0|0|0|0|0|0|0|0|0|0|0|1|1|1|1|1|1|0|0|0|0|0|0|0|0|0|0|0|0|0|0|0|0|0|0|0|0|0|0|0|0|0|0|0|0|0|1|1|1|1|1|1|0|0|0|0|0|0|0|0|0|0|0|0|0|0|0|0|0|0|0|0|0|0|0|0|0|0|0|0|0|1|1|1|1|1|1|0|0|0|0|0|0|0|0|0|0|0|0|0|0|0|0|0|0|0|0|0|0|0|0|0|0|0|0|0|1|1|1|1|1|1|0|0|0|0|0|0|0|0|0|0|0|0|0|0|0|0|0|0|0|0|0|0|0|0|0|0|0|0|0|1|1|1|1|1|1|0|0|0|0|0|0|0|0|0|0|0|0|0|0|0|0|0|0|0|0|0|0|0|0|0|0|0|0|0|1|1|1|1|1|1|0|0|0|0|0|0|0|0|0|0|0|0|0|0|0|0|0|0|0|0|0|0|0|0|0|0|0|0|0|1|1|1|1|1|1|0|0|0|0|0|0|0|0|0|0|0|0|0|0|0|0|0|0|0|0|0|0|0|0|0|0|0|0|0|1|1|1|1|1|1|0|0|0|0|0|0|0|0|0|0|0|0|0|0|0|0|0|0|0|0|0|0|0|0|0|0|0|0|1|1|1|1|1|1|1|0|0|0|0|0|0|0|0|0|0|0|0|0|0|0|0|0|0|0|0|0|0|0|0|0|0|0|0|1|1|1|1|1|1|1|0|0|0|0|0|0|0|0|0|0|0|0|0|0|0|0|0|0|0|0|0|0|0|0|0|0|0|0|1|1|1|1|1|1|1|0|0|0|0|0|0|0|0|0|0|0|0|0|0|0|0|0|0|0|0|0|0|0|0|0|0|0|0|1|1|1|1|1|1|1|0|0|0|0|0|0|0|0|0|0|0|0|0|0|0|0|0|0|0|0|0|0|0|0|0|0|0|0|1|1|1|1|1|1|1|0|0|0|0|0|0|0|0|0|0|0|0|0|0|0|0|0|0|0|0|0|0|0|0|0|0|0|0|1|1|1|1|1|1|1|0|0|0|0|0|0|0|0|0|0|0|0|0|0|0|0|0|0|0|0|0|0|0|0|0|0|0|0|0|1|1|1|1|1|1|0|0|0|0|0|0|0|0|0|0|0|0|0|0|0|0|0|0|0|0|0|0|0|0|0|0|0|0|0|1|1|1|1|1|1|0|0|0|0|0|0|0|0|0|0|0|0|0|0|0|0|0|0|0|0|0|0|0|0|0|0|0|0|0|1|1|1|1|1|1|0|0|0|0|0|0|0|0|0|0|0|0|0|0|0|0|0|0|0|0|0|0|0|0|0|0|0|0|0|0|1|1|1|1|1|0|0|0|0|0|0|0|0|0|0|0|0|0|0|0|0|0|0|0|0|0|0|0|0|0|0|0|0|0|0|1|1|1|1|1|0|0|0|0|0|0|0|0|0|0|0|0|0|0|0|0|0|0|0|0|0|0|0|0|0|0|0|0|0|0|1|1|1|1|1|0|0|0|0|0|0|0|0|0|0|0|0|0|0|0|0|0|0|0|0|0|0|0|0|0|0|0|0|0|0|1|1|1|1|1|0|0|0|0|0|0|0|0|0|0|0|0|0|0|0|0|0|0|0|0|0|0|0|0|0|1|1|1|1|1|1|1|1|1|1|0|0|0|0|0|0|0|0|0|0|0|0|0|0|0|0|0|0|0|0|0|0|0|0|0|0|0|0|0|0|1|1|1|1|1|0|0|0|0|0|0|0|0|0|0|0|0|0|0|0|0|0|0|0|0|0|0|0|0|0|0|0|0|0|0|1|1|1|1|1|0|0|0|0|0|0|0|0|0|0|0|0|0|0|0|0|0|0|0|0|0|0|0|0|0|0|0|0|0|0|1|1|1|1|1|0|0|0|0|0|0|0|0|0|0|0|0|0|0|0|0|0|0|0|0|0|0|0|0|0|0|0|0|0|1|1|1|1|1|1|0|0|0|0|0|0|0|0|0|0|0|0|0|0|0|0|0|0|0|0|0|0|0|0|0|0|0|0|0|1|1|1|1|1|1|0|0|0|0|0|0|0|0|0|0|0|0|0|0|0|0|0|0|0|0|0|0|0|0|0|0|0|0|0|1|1|1|1|1|1|0|0|0|0|0|0|0|0|0|0|0|0|0|0|0|0|0|0|0|0|0|0|0|0|0|0|0|0|0|1|1|1|1|1|1|0|0|0|0|0|0|0|0|0|0|0|0|0|0|0|0|0|0|0|0|0,6|0,6|0,6|0,6|0,6|0,6|0,6|0,6|1|1|1|1|1|1|1|0|0|0|0|0|0|0|0|0|0|0|0|0|0|0|0|0|0|0|0|0,6|0,6|0,6|0,6|0,6|0,6|0,6|0,6|1|1|1|1|1|1|1|0|0|0|0|0|0|0|0|0|0|0|0|0|0|0|0|0|0|0|0|0|0|0|0|0|0|0|0|1|1|1|1|1|1|1|0|0|0|0|0|0|0|0|0|0|0|0|0|0|0|0|0|0|0|0|0|0|0|0|0|0|0|0|1|1|1|1|1|1|1|0|0|0|0|0|0|0|0|0|0|0|0|0|0|0|0|0|0|0|0|0|0|0|0|0|0|0|1|1|1|1|1|1|1|1|0|0|0|0|0|0|0|0|0|0|0|0|0|0|0|0|0|0|0|0|0|0|0|0|0|0|0|0|1|1|1|1|1|1|1|0|0|0|0|0|0|0|0|0|0|0|0|0|0|0|0|0|0|0|0|0|0|0|0|0|0|0|0|1|1|1|1|1|1|1|0|0|0|0|0|0|0|0|0|0|0|0|0|0|0|0|0|0|0|0|0|0|0|0|0|0|0|0|1|1|1|1|1|1|1|0|0|0|0|0|0|0|0|0|0|0|0|0|0|0|0|0|0|0|0|0|0|0|0|0|0|0|0|1|1|1|1|1|1|1|0|0|0|0|0|0|0|0|0|0|0|0|0|0|0|0|0|0|0|0|0|0|0|0|0|0|0|0,6|0,6|1|1|1|1|1|1|0|0|0|0|0|0|0|0|0|0|0|0|0|0|0|0|0|0|0|0|0|0|0|0|0|0|0|0,6|0,6|1|1|1|1|1|1|0|0|0|0|0|0|0|0|0|0|0|0|0|0|0|0|0|0|0|0|0|0|0|0|0|0|0|0,6|0,6|1|1|1|1|1|1|0|0|0|0|0|0|0|0|0|0|0|0|0|0|0|0|0|0|0|0|0|0|0|0|0|0|0|0,6|0,6|1|1|1|1|1|1|0|0|0|0|0|0|0|0|0|0|0|0|0|0|0|0|0|0|0|0|0|0|0|0|0|0|0,6|0,6|0,6|0,6|1|1|1|1|1|0|0|0|0|0|0|0|0|0|0|0|0|0|0|0|0|0|0|0|0|0|0|0|1|1|1|1,6|1,6|1,6|1,6|1|1|1|1|1|0|0|0|0|0|0|0|0|0|0|0|0|0|0|0|0|0|0|0|0|0|0|0|1|1|1|1,6|1,6|1,6|1,6|1,6|1,6|1|1|1|0|0|0|0|0|0|0|0|0|0|0|0|0|0|0|0|0|0|0|0|0|0|0|0|0|0|0,6|0,6|0,6|0,6|1|1|1|1|1|0|0|0|0|0|0|0|0|0|0|0|0|0|0|0|0|0|0|0|0|0|0|0|0|0|0|0,6|0,6|0,6|0,6|1|1|1|1|1|0|0|0|0|0|0|0|0|0|0|0|0|0|0|0|0|0|0|0|0|0|0|0|0|0|0|0,6|0,6|0,6|1|1|1|1|1|1|0|0|0|0|0|0|0|0|0|0|0|0|0|0|0|0|0|0|0|0|0|0|0|0|0|0|0,6|0,6|0,6|3|4,3|1,3,5|1|1|1|0|0|0|0|0|0|0|0|0|0|0|0|0|0|0|0|0|0|0|0|0|0|0|0|0|0|0,6|0,6|0,6|1|1|1|1|1|1|0|0|0|0|0|0|0|0|0|0|0|0|0|0|0|0|0|0|0|0|0|0|0|0|0|0|0,6|0,6|1|1|1|1|1|1|1|0|0|0|0|0|0|0|0|0|0|0|0|0|0|0|0|0|0|0|0|0|0|0|0|0|0|0,6|0,6|1|1|1|1|1|1|1|0|0|0|0|0|0|0|0|0|0|0|0|0|0|0|0|0|0|0|0|0|0|0|0|0|0,6|0,6|0,6|1|1|1|1|1|1|1|0|0|0|0|0|0|0|0|0|0|0|0|0|0|0|0|0,6|0,6|0,6|0,6|0,6|0,6|0,6|0,6|0,6|0,6|0,6|0,6|1|1|1|1|1|1|1|0|0|0|0|0|0|0|0|0|0|0|0|0|0|0|0|0,6|0,6|0,6|0,6|0,6|0,6|0,6|0,6|0,6|0,6|0,6|0,6|1|1|1|1|1|1|1|0|0|0|0|0|0|0|0|0|0|0|0|0|0|0|0|0|0|0|0|0|0|0|0|0|0,6|0,6|1|1|1|1|1|1|1|1|0|0|0|0|0|0|0|0|0|0|0|0|0|0|0|0|0|0|0|0|0|0|0|0|0|0,6|0,6|1|1|1|1|1|1|1|1|0|0|0|0|0|0|0|0|0|0|0|0|0|0|0|0|0|0|0|0|0|0|0|0|0|0,6|0,6|1|1|1|1|1|1|1|1|0|0|0|0|0|0|0|0|0|0|0|0|0|0|0|0|0|0|0|0|0|0|0|0|0|0,6|0,6|1|1|1|1|1|1|1|1|0|0|0|0|0|0|0|0|0|0|0|0|0|0|0|0|0|0|0|0|0|0|0|0|0,6|0,6|0,6|1|1|1|1|1|1|1|1|0|0|0|0|0|0|0|0|0|0|0|0|0|0|0|0|0|0|0,6|0,6|0,6|0,6|0,6|0,6|0,6|0,6|0,6|1|1|1|1|1|1|1|1|0|0|0|0|0|0|0|0|0|0|0|0|0|0|0|0|0|0|0|0|0|0|0|0|0|0,6|0,6|1|1|1|1|1|1|1|1|0|0|0|0|0|0|0|0|0|0|0|0|0|0|0|0|0|0|0|0|0|0|0|0|0|0,6|0,6|1|1|1|1|1|1|1|1|0|0|0|0|0|0|0|0|0|0|0|0|0|0|0|0|0|0|0|0|0|0|0|0|0|0,6|0,6|1|1|1|1|1|1|1|1|0|0|0|0|0|0|0|0|0|0|0|0|0|0|0|0|0|0|0|0|0|0|0|0|0,6|0,6|0,6|1|1|1|1|1|1|1|1|0|0|0|0|0|0|0|0|0|0|0|0|0|0|0|0|0|0|0|0|0|0|0|0|0,6|0,6|1|1|1|1|1|1|1|1|1|0|0|0|0|0|0|0|0|0|0|0|0|0|0|0|0|0|0|0|0|0|0|0|0|0,6|0,6|1|1|1|1|1|1|1|1|1|0|0|0|0|0|0|0|0|0|0|0|0|0|0|0|0|0|0|0|0|0|0|0|0|0,6|1|1|1|1|1|1|1|1|1|1|0|0|0|0|0|0|0|0|0,6|0,6|0,6|0,6|0,6|0,6|0,6|0,6|0,6|0,6|0,6|0,6|0|0|0|0,6|0,6|1|1|1|1|1|1|1|1|1|1|0|0|0|0|0|0|0|0|0,6|0,6|0,6|0,6|0,6|0,6|0,6|0,6|0,6|0,6|0,6|0,6|0|0|0|0,6|0,6|1|1|1|1|1|1|1|1|1|1|0|0|0|0|0|0|0|0|0,6|0,6|0,6|0,6|0,6|0,6|0,6|0,6|0,6|0,6|0,6|0,6|0|0|0|0,6|0,6|1|1|1|1|1|1|1|1|1|1|0|0|0|0|0|0|0|0|0,6|0,6|0,6|0,6|0,6|0,6|0,6|0,6|0,6|0,6|0,6|0,6|0|0|0|0,6|0,6|1|1|1|1|1|1|1|1|1|1|0|0|0|0|0|0|0|0|0,6|0,6|0,6|0,6|0,6|0,6|0,6|0,6|0,6|0,6|0,6|0,6|0|0|0,6|0,6|1|1|1|1|1|1|1|1|1|1|1|0|0|0|0|0|0|0|0|0,6|0,6|0,6|0,6|0,6|0|0,6|0,6|0,6|0,6|0,6|0,6|0|0|0,6|0,6|1|1|1|1|1|1|1|1|1|1|1|0|0|0|0|0|0|0|0|0,6|0,6|0,6|0,6|0,6|0,6|0,6|0,6|0,6|0,6|0,6|0,6|0|0|0,6|0,6|1|1|1|1|1|1|1|1|1|1|1|0|0|0|0|0|0|0|0|0,6|0,6|0,6|0,6|0,6|0,6|0,6|0,6|0,6|0,6|0,6|0,6|0|0,6|0,6|0,6|1|1|1|1|1|1|1|1|1|1|1|0|0|0|0|0|0|0|0|0,6|0,6|0,6|0,6|0,6|0,6|0,6|0,6|0,6|0,6|0,6|0,6|0,6|0,6|0,6|0,6|1|1|1|1|1|1|1|1|1|1|1|0|0|0|0|0|0|0|0|0,6|0,6|0,6|0,6|0,6|0,6|0,6|0,6|0,6|0,6|0,6|0,6|0,6|0,6|0,6|0,6|1|1|1|1|1|1|1|1|1|1|1|0|0|0|0|0|0|0|0|0,6|0,6|0,6|1|1|1|0,6|0,6|0,6|0,6|0,6|0,6|1|1|1|0,6|1|1|1|1|1|1|1|1|1|1|1|0|0|0|0|0|0|0|0|0,6|0,6|0,6|1|1|1|0,6|0,6|0,6|0,6|0,6|0,6|1|1|1|0,6|1|1|1|1|1|1|1|1|1|1|1|0|0|0|0|0|0|0|0|0,6|0,6|0,6|1|1|1|0,6|0,6|0,6|0,6|0,6|0,6|1|1|1|0,6|1|1|1|1|1|1|1|1|1|1|1|0|0|0|0|0|0|0|0|0,6|0,6|0,6|1|1|1|0,6|0,6|0,6|0,6|0,6|0,6|1|1|1|1|1|1|1|1|1|1|1|1|1|1|1|0|0|0|0|0|0|0|0|0,6|0,6|0,6|1|1|1|0,6|0,6|0,6|0,6|0,6|0,6|1|1|1|1|1|1|1|1|1|1|1|1|1|1|1|0|0|0|0|0|0|0|0|0,6|0,6|0,6|1|1|1|0,6|0,6|0,6|0,6|0,6|0,6|1|1|1|1|1|1|1|1|1|1|1|1|1|1|1|0|0|0|0|0|0|0|0|0,6|0,6|0,6|1|1|1|0,6|0,6|0,6|0,6|0,6|0,6|1|1|1|1|1|1|1|1|1|1|1|1|1|1|1|0|0|0|0|0|0|0|0|0,6|0,6|0,6|1|1|1|0,6|0,6|0,6|0,6|0,6|0,6|1|1|1|1|1|1|1|1|1|1|1|1|1|1|1|0|0|0|0|0|0|0|0|0,6|0,6|0,6|1|1|1|0,6|0,6|0,6|0,6|0,6|0,6|1|1|1|1|1|1|1|1|1|1|1|1|1|1|1|0|0|0|0|0|0|0|0|0,6|0,6|0,6|1|1|1|0,6|0,6|0,6|0,6|0,6|0,6|1|1|1|1|1|1|1|1|1|1|1|1|1|1|1|0|0|0|0|0|0|0|0|0,6|0,6|0,6|1|1|1|0,6|0,6|0,6|0,6|0,6|0,6|1|1|1|1|1|1|1|1|1|1|1|1|1|1|1|0|0|0|0|0|0|0|0|0,6|0,6|0,6|1|1|1|0,6|0,6|0,6|0,6|0,6|0,6|1|1|1|1|1|1|1|1|1|1|1|1|1|1|1|0|0|0|0|0|0|0|0,6|0,6|0,6|0,6|1|1|1|0,6|0,6|0,6|0,6|0,6|0,6|1|1|1|1|1|1|1|1|1|1|1|1|1|1|1|0|0|0|0|0|0|0|0|0,6|0,6|0,6|1|1|1|0,6|0,6|0,6|0,6|0,6|0,6|1|1|1|1|1|1|1|1|1|1|1|1|1|1|1|0,6|0,6|0,6|0,6|0,6|0,6|0,6|0,6|0,6|0,6|1|1|1|1|0,6|0,6|0,6|0,6|0,6|0,6|1|1|1|1|1|1|1|1|1|1|1|1|1|1|1|0,6|0,6|0,6|0,6|0,6|0,6|0,6|0,6|0,6|2,6|1|1|1|1|0,6|0,6|0,6|0,6|0,6|0,6|1|1|1|1|2,6|1|1|1|1|1|1|1|1|1|1|1|1|1|1|1|1|1|1|1|1|1|1|1|1|1|1|1|1|0,6|1|1|1|1|1|1|1|1|1|1|1|1|1|1|1|1|1|1|1|1|1|1|1|1|1|1|1|1|1|1|1|1|1|1|4,6,3|1|1|1|1|1|1|1|1|1|1|1|1|1|1|1|1|1|1|1|1|1|1|1|1|1|1|1|1|1|1|1|1|1|1|1,3|1|1|1|1|1|1|1|1|1|1|1|1|1|1|1|1|1|1|1|1|1|1|1|1|1|1|1|1|1|1|1|1|1|1|1,3|1|1|1|1|1|1|1|1|1|1|1|1|1|1|1|1|1|1|1|1|1|1|1|1|1|1|1|1|1|1|1|1|1|1|1,3|1|1|1|1|1|1|1|1|1|1|1|1|1|1|1|1|1|1|1|1|1|1|1|1|1|1|1|1|1|1|1|1|1|1|1,3|1|1|1|1|1|1|1|1|1|1|1|1|1|1|1|1|1|1|1|1|1|1|1|1|1|1|1|1|1|1|1|1|1|1|1,3|1|1|1|1|1|1|1|1|1|1|1|1|1|1|1|1|1|1|1|1|1|1|1|1|1|1|1|1|1|1|1|1|1|1|1,3|1|1|1|1|1|1|1|1|1|1|1|1|1|1|1|1|1|1|2,6|1|1|1|1|1|1|1|1|1|1|1|1,3,4|1,3|1,3|1,3|1,3|1|1|1|1|1|1|1|1|1|1|1|1|2,6|1|1|1|1|2,6|1|1|1|1|1|1|1|1|2,6|1|1|1|1|1|1|1|1|1|1|1|1|2,6|1|1|1|1|1|1|1|1|2,6|1|1|